Area,Unit,Sensor,xCoordinate,yCoordinate
0001,001,1,31.20810657958667,29.922533498949143
0001,001,2,31.20812109170387,29.922553016723235
0001,001,3,31.208127794503014,29.92257776218799
0001,001,4,31.208127794503014,29.92257776218799
0001,002,1,31.208143409620046,29.92262726975428
0001,002,2,31.208156777008266,29.92265332193735
0001,002,3,31.20816792988471,29.92267156970462
0001,002,4,31.208182426171163,29.92268721324622
0001,003,1,31.20818801169987,29.922706771016998
0001,003,2,31.208191373765622,29.922732853846664
0001,003,3,31.208201426279672,29.92276024798072
0001,003,4,31.208217074534293,29.922782458927696
0001,004,1,31.20822245891801,29.922808054172954
0001,004,2,31.208236953766363,29.922832813171624
0001,004,3,31.208248107232347,29.92286150793344
0001,004,4,31.208257032643466,29.92291499417729
0001,005,1,31.208098736649156,29.9228733346654
0001,005,2,31.208113194936413,29.92290326511903
0001,005,3,31.208126572733526,29.9229319425834
0001,005,4,31.20813660816946,29.922959320269005
0001,006,1,31.208144476168247,29.922981556705047
0001,006,2,31.208140101413594,29.92302202653332
0001,006,3,31.208173539929017,29.923051999432474
0001,006,4,31.208186901122584,29.92308455159247
0001,007,1,31.208183574684245,29.92309497751261
0001,007,2,31.208216952487376,29.923173109556064
0001,007,3,31.20828936894747,29.923313936810008
0001,007,4,31.208321747768636,29.92336375091975
0001,008,1,31.2083393254645,29.92307144358544
0001,008,2,31.208365747728042,29.923110431919856
0001,008,3,31.208413176169305,29.92324058779427
0001,008,4,31.208445184568284,29.923299153492145
0001,009,1,31.208458966162617,29.923355899785854
0001,009,2,31.208442410368427,29.923299162945447
0001,009,3,31.208506445810137,29.923450491269172
0001,009,4,31.20855003739714,29.923522764773693
0001,010,1,31.208521438236403,29.92364808584771
0002,001,1,31.20726254325714,29.922394037706137
0002,001,2,31.20731686398668,29.922351531383427
0002,001,3,31.207308557623534,29.92226367227483
0002,001,4,31.207248783973505,29.92227183657594
0002,002,1,31.20725556903306,29.92217917521303
0002,002,2,31.207287544934527,29.92210907571309
0002,002,3,31.207276429690825,29.922021183799412
0002,002,4,31.207270903562694,29.921970858004958
0002,003,1,31.20725980733578,29.921860365439745
0002,003,2,31.207241732448175,29.921748183613612
0002,003,3,31.20722352713204,29.921612558760447
0002,003,4,31.207210745962897,29.921518406296975
0002,004,1,31.207207873338945,29.9214934844524
0002,004,2,31.207188239905815,29.921337905652504
0002,004,3,31.20717926124156,29.921223128218823
0002,004,4,31.207140685487246,29.920944249290923
0002,005,1,31.20723019004656,29.922025946291203
0002,005,2,31.207213457471656,29.921978639194148
0002,005,3,31.207207884565282,29.921910219647653
0002,005,4,31.20720090979579,29.921862920034773
0002,006,1,31.20719115200041,29.921809141842186
0002,006,2,31.207181405384397,29.921742391200326
0002,006,3,31.20717442985032,29.92168042308838
0002,006,4,31.20717442985032,29.92168042308838
0002,007,1,31.20716599237019,29.92156409442139
0002,007,2,31.207151965992672,29.921465638155105
0003,001,1,31.209733863171866,29.920984045237006
0003,001,2,31.209751866193074,29.92101723773243
0003,001,3,31.209772332910962,29.921096844210684
0003,001,4,31.209798652395303,29.92117193716027
0003,002,1,31.209795928024953,29.92114416178372
0003,002,2,31.209804220483154,29.92119468938279
0003,002,3,31.209819584349777,29.921236851249724
0003,002,4,31.20984051971909,29.921296937462365
0003,003,1,31.20986986963665,29.92136514307471
0003,003,2,31.20988805238841,29.921412280929783
0003,003,3,31.209923155433476,29.92151474595176
0003,003,4,31.209942742767986,29.921573394990165
0003,004,1,31.209960963210744,29.92161087494889
0003,004,2,31.20998359764131,29.921707119648865
0003,005,1,31.209684941281935,29.92098770597714
0003,005,2,31.20970296820701,29.921037216435252
0003,005,3,31.209718144241172,29.921075369477826
0003,005,4,31.209718144241172,29.921075369477826
0003,006,1,31.20974168365213,29.921139265903577
0003,006,1,31.20978059653723,29.921282461663164
0003,006,2,31.209808460883313,29.921324673142834
0003,006,3,31.20982802922607,29.921440078429868
0003,006,4,31.209857468904115,29.921531112855615
0003,007,1,31.209886887608178,29.921581562040725
0003,007,2,31.209907908725395,29.92166140873665
0003,007,3,31.209941499997058,29.92172827084322
0003,007,4,31.20996406953516,29.92181317958056
0003,008,1,31.20998514730436,29.92189648908443
0004,001,1,31.209996358547222,29.921965078630663
0004,001,2,31.2099599651024,29.92201069380388
0004,001,3,31.209917900340493,29.922046363760366
0004,001,4,31.209875873502863,29.922083607312754
0004,002,1,31.20980590823376,29.92212867612264
0004,002,2,31.20972917125228,29.92218184849088
0004,002,3,31.20967476880434,29.92222802606234
0004,002,4,31.209648292786657,29.922256365479686
0004,003,1,31.209599754859806,29.92228883341828
0004,003,2,31.209508288117647,29.92238708726056
0004,003,3,31.209483416745847,29.922430284618187
0004,003,4,31.209458568831927,29.922484818588984
0004,004,1,31.2094110596698,29.9226670966412
0004,004,2,31.20937560999026,29.92277502944677
0004,004,3,31.209341985325032,29.92286722827747
0004,004,4,31.209322447832616,29.922932532483117
0004,005,1,31.209311113243775,29.92298884126379
0004,005,2,31.209293022275638,29.92302615386749
0004,005,3,31.209261724311787,29.923092258355652
0004,005,4,31.20923511810113,29.923170902377464
0004,006,1,31.209184077413745,29.92333851574501
0004,006,2,31.20914162449866,29.923526771288117
0004,006,3,31.20908724719741,29.923707714031973
0004,006,4,31.209027850550168,29.92385702328122
0004,007,1,31.208996969339605,29.923935907233336
0004,007,2,31.208967412213525,29.92402013747601
0004,007,3,31.20891709895124,29.924152802729783
0004,007,4,31.20887809083239,29.924226179294916
0004,008,1,31.208827880387762,29.924345058942077
0004,008,2,31.208783186515202,29.924436407036712
0004,008,3,31.208738418171386,29.92453932337078
0004,008,4,31.208688669382884,29.92467075218994
0004,008,1,31.208648488172233,29.92474857864824